alliance3 2293 18559 4 1199.761830329895
provider2 848 16735 0 1200
alliance5 2324 19167 3 1199.842500925064
provider7 853 16968 0 1200
alliance4 2298 17844 6 1199.716300725937
alliance2 2333 17149 3 1199.883682012558
provider1 3674 6767 0 1200
provider3 1445 13128 0 1200
alliance6 2337 17336 1 1199.9589145183563
provider6 1418 13370 0 1200
alliance1 2859 24987 5 1199.7310576438904
provider8 3638 7286 0 1200
alliance7 2888 24094 3 1199.887576341629
provider4 1274 14423 0 1200
provider5 1327 13709 0 1200
31809
241522
