provider4 1112 12043 0 1200
alliance2 2018 14514 6 1199.784462928772
alliance1 2469 21747 5 1199.7728819847107
alliance5 1958 15776 2 1199.9178709983826
provider7 755 14078 0 1200
alliance3 1971 15808 2 1199.9035730361938
alliance7 2435 21821 4 1199.7693734169006
alliance4 1942 16237 1 1199.9321513175964
provider1 3168 5890 0 1200
provider3 1193 11546 0 1200
provider8 3203 5874 0 1200
provider5 1124 11971 0 1200
provider2 774 14184 0 1200
alliance6 2003 14870 3 1199.8200995922089
provider6 1177 11700 0 1200
27302
208059
