provider5 2297 6628 0 1200
provider2 1972 7731 0 1200
alliance2 2497 7528 1 1199.9774820804596
alliance6 2515 7546 2 1199.8923344612122
provider1 4098 3709 0 1200
provider6 2275 6723 0 1200
alliance5 2595 7714 2 1199.9431681632996
provider8 4119 3720 0 1200
alliance1 3691 9752 3 1199.757529258728
alliance7 3695 9742 2 1199.8873522281647
alliance3 2606 7726 0 1200
provider7 2017 7531 0 1200
provider4 2317 6694 0 1200
provider3 2247 6751 0 1200
alliance4 2613 8005 2 1199.6924154758453
41554
107500
