Peer4 0 55 153 0.2103273868560791
Peer5 0 67 219 0.283527135848999
Peer10 0 83 223 0.29303431510925293
Peer3 0 37 118 0.17171955108642578
Peer7 0 68 156 0.336195707321167
Peer14 0 89 214 0.33631229400634766
Peer1 0 51 159 0.13646650314331055
Peer11 0 72 211 0.2756166458129883
Peer9 0 23 92 0.03764796257019043
Peer12 0 66 203 0.2473769187927246
Peer18 0 66 209 0.18548965454101562
Peer13 0 63 209 0.18190765380859375
Peer8 0 37 100 0.08984565734863281
Peer19 0 75 216 0.23236370086669922
Peer20 0 86 199 0.24438929557800293
Peer2 0 33 103 -0.04373359680175781
Peer16 0 50 213 0.10847687721252441
Peer6 0 32 103 -0.025442123413085938
Peer17 0 80 226 0.19794011116027832
Peer15 0 53 146 0.13382458686828613
0
